1,1,1
2,2,1
3,3,1
4,4,1
5,5,1
6,6,1
7,7,1
8,8,1
9,9,1
10,10,1
11,11,1
12,12,1
13,13,1
14,14,1
15,15,1
16,16,1
17,17,1
18,18,1
19,19,1
20,20,1
21,21,1
22,22,1
23,23,1
24,24,1
25,25,1
26,26,1
27,27,1
28,28,1
29,29,1
30,30,1
31,31,1
32,32,1
33,33,1
34,34,1
35,35,1
36,36,1
37,37,1
38,38,1
39,39,1
40,40,2
41,41,2
42,42,2
43,43,2
44,44,2
45,45,2
46,46,2
47,47,2
48,48,2
49,49,2
50,50,2
51,51,2
52,52,2
53,53,2
54,54,2
55,55,2
56,56,2
57,57,2
58,58,2
59,59,2
60,60,2
61,61,2
62,62,2
63,63,2
64,64,2
65,65,2
66,66,2
67,67,2
68,68,3
69,69,3
70,70,3
71,71,3
72,72,3
73,73,3
74,74,3
75,75,3
76,76,3
77,77,3
78,78,3
79,79,3
80,80,3
81,81,3
82,82,3
83,83,3
84,84,3
85,85,3
86,86,3
87,87,3
88,88,3
89,89,4
90,90,3
91,91,3
92,92,5
93,93,3
94,94,6
95,95,6
96,96,3
97,97,3
98,98,6
99,99,6
100,100,6
101,101,7
102,102,7
103,103,7
104,104,7
105,105,7
106,106,7
107,107,7
108,108,7
109,109,7
110,110,7
111,111,7
112,112,7
113,113,7
114,114,7
115,115,7
116,116,7
117,117,8
118,118,8
119,119,8
120,120,8
121,121,8
122,122,8
123,123,8
124,124,8
125,125,8
126,126,8
127,127,8
128,128,8
129,129,8
130,130,9
131,131,9
132,132,9
133,133,9
134,134,9
135,135,9
136,136,9
137,137,9
138,138,9
139,139,9
140,140,6
141,141,0
142,142,9
143,143,9
144,144,9
145,145,9
146,146,9
147,147,9
148,148,6
149,149,10
150,150,10
151,151,10
152,152,10
153,153,10
154,154,10
155,155,10
156,156,10
157,157,10
158,158,10
159,159,10
160,160,10
161,161,10
162,162,10
163,163,10
164,164,10
165,165,10
166,166,10
167,167,10
168,168,10
169,169,10
170,170,10
171,171,10
172,172,10
173,173,10
174,174,10
175,175,10
176,176,10
177,177,10
178,178,10
179,179,10
180,180,10
181,181,10
182,182,10
183,183,10
184,184,10
185,185,4
186,186,4
187,187,4
188,188,4
189,189,4
190,190,4
191,191,4
192,192,4
193,193,4
194,194,4
195,195,4
196,196,4
197,197,4
198,198,4
199,199,4
200,200,4
201,201,4
202,202,4
203,203,4
204,204,4
205,205,4
206,206,4
207,207,4
208,208,4
209,209,4
210,210,4
211,211,4
212,212,4
213,213,4
214,214,4
215,215,4
216,216,4
217,217,4
218,218,4
219,219,4
220,220,4
221,221,4
222,222,4
223,223,4
224,224,4
225,225,4
226,226,4
227,227,4
228,228,5
229,229,5
230,230,5
231,231,5
232,232,5
233,233,5
234,234,5
235,235,5
236,236,5
237,237,5
238,238,5
239,239,5
240,240,5
241,241,5
242,242,5
243,243,5
244,244,5
245,245,5
246,246,5
247,247,5
248,248,5
249,249,5
250,250,5
251,251,5
252,252,5
253,253,5
254,254,5
255,255,5
256,256,5
257,257,5
258,258,5
259,259,5
260,260,5
261,261,5
262,262,5
263,263,5
264,264,5
265,265,5
266,266,5
267,267,5
268,268,5
269,269,5
270,270,5
271,271,5
272,272,11
273,273,11
274,274,11
275,275,11
276,276,11
277,277,11
278,278,11
279,279,11
280,280,11
281,281,11
282,282,11
283,283,11
284,284,11
285,285,11
286,286,11
287,287,11
288,288,11
289,289,11
290,290,11
291,291,11
292,292,11
293,293,11
294,294,11
295,295,11
296,296,11
297,297,11
298,298,11
299,299,11
300,300,11
301,301,11
302,302,11
303,303,11
304,304,11
305,305,11
306,306,11
307,307,11
308,308,11
309,309,11
310,310,11
311,311,12
312,312,12
313,313,12
314,314,12
315,315,12
316,316,12
317,317,12
318,318,12
319,319,12
320,320,12
321,321,12
322,322,12
323,323,12
324,324,12
325,325,12
326,326,12
327,327,12
328,328,12
329,329,12
330,330,12
331,331,12
332,332,12
333,333,12
334,334,12
335,335,12
336,336,12
337,337,12
338,338,12
339,339,12
340,340,12
341,341,12
342,342,12
343,343,12
344,344,12
345,345,12
346,346,12
347,347,12
348,348,12
349,349,12
350,350,12
351,351,12
352,352,12
353,353,12
354,354,12
355,355,12
356,356,12
357,357,12
358,358,12
359,359,12
360,360,12
361,361,12
362,362,12
363,363,12
364,364,12
365,365,12
366,366,12
367,367,12
368,368,12
369,369,12
370,370,12
371,371,12
372,372,12
373,373,12
374,374,12
375,375,12
376,376,12
377,377,12
378,378,12
379,379,12
380,380,12
381,381,12
382,382,12
383,383,12
384,384,12
385,385,12
386,386,12
387,387,12
388,388,12
389,389,12
390,390,12
391,391,12
392,392,12
393,393,12
394,394,12
395,395,12
396,396,12
397,397,12
398,398,12
399,399,12
400,400,12
401,401,12
402,402,12
403,403,12
404,404,12
405,405,12
406,406,12
407,407,12
408,408,12
409,409,12
410,410,12
411,411,12
412,412,12
413,413,12
414,414,12
415,415,12
416,416,12
417,417,12
418,418,12
419,419,12
420,420,12
421,421,12
422,422,12
423,423,12
424,424,12
425,425,12
426,426,12
427,427,12
428,428,12
429,429,12
430,430,12
431,431,12
432,432,12
433,433,12
434,434,12
435,435,12
436,436,12
437,437,12
438,438,12
439,439,12
440,440,12
441,441,12
442,442,12
443,443,12
444,444,12
445,445,12
446,446,12
447,447,12
448,448,12
449,449,12
450,450,12
451,451,12
452,452,12
453,453,12
454,454,12
455,455,12
456,456,12
457,457,12
458,458,12
459,459,12
460,460,12
461,461,12
462,462,12
463,463,12
464,464,12
465,465,12
466,466,12
467,467,12
468,468,12
469,469,12
470,470,12
471,471,12
472,472,12
473,473,12
474,474,12
475,475,12
476,476,12
477,477,12
478,478,12
479,479,12
480,480,12
481,481,12
482,482,12
483,483,12
484,484,12
485,485,12
486,486,12
487,487,12
488,488,12
489,489,12
490,490,12
491,491,12
492,492,12
493,493,12
494,494,12
495,495,12
496,496,12
497,497,12
498,498,12
499,499,12
500,500,12
501,501,12
502,502,12
503,503,12
504,504,12
505,505,13
506,506,13
507,507,13
508,508,13
509,509,13
510,510,13
511,511,13
512,512,13
513,513,13
514,514,13
515,515,13
516,516,13
517,517,13
518,518,13
519,519,13
520,520,13
521,521,13
522,522,13
523,523,13
524,524,13
525,525,13
526,526,13
527,527,13
528,528,13
529,529,13
530,530,13
531,531,13
532,532,13
533,533,13
534,534,13
535,535,13
536,536,13
537,537,13
538,538,13
539,539,13
540,540,13
541,541,13
542,542,13
543,543,13
544,544,13
545,545,13
546,546,13
547,547,13
548,548,13
549,549,13
550,550,13
551,551,13
552,552,13
553,553,13
554,554,13
555,555,13
556,556,13
557,557,13
558,558,13
559,559,13
560,560,13
561,561,13
562,562,13
563,563,13
564,564,13
565,565,13
566,566,13
567,567,13
568,568,13
569,569,13
570,570,13
571,571,13
572,572,13
573,573,13
574,574,13
575,575,13
576,576,13
577,577,13
578,578,13
579,579,13
580,580,13
581,581,13
582,582,13
583,583,13
584,584,13
585,585,13
586,586,13
587,587,13
588,588,13
589,589,13
590,590,13
591,591,13
592,592,13
593,593,13
594,594,13
595,595,13
596,596,13
597,597,13
598,598,13
599,599,13
600,600,13
601,601,13
602,602,13
603,603,13
604,604,13
605,605,13
606,606,13
607,607,13
608,608,13
609,609,13
610,610,13
611,611,13
612,612,13
613,613,13
614,614,13
615,615,13
616,616,13
617,617,13
618,618,13
619,619,13
620,620,13
621,621,13
622,622,13
623,623,13
624,624,13
625,625,13
626,626,13
627,627,13
628,628,13
629,629,13
630,630,13
631,631,13
632,632,13
633,633,13
634,634,13
635,635,13
636,636,13
637,637,13
638,638,13
639,639,13
640,640,13
641,641,13
642,642,13
643,643,14
644,644,14
645,645,15
646,646,16
647,647,14
648,648,15
649,649,16
650,650,15
651,651,11
652,652,15
653,653,15
654,654,15
655,655,17
656,656,11
657,657,15
658,658,15
659,659,15
660,660,15
661,661,17
662,662,17
663,663,18
664,664,17
665,665,19